name: neuronVis
channels:
  - conda-forge
  - defaults
dependencies:
  - asttokens=3.0.0=pyhd8ed1ab_0
  - backcall=0.2.0=pyh9f0ad1d_0
  - bzip2=1.0.8=h0ad9c76_8
  - ca-certificates=2026.1.4=h4c7d964_0
  - colorama=0.4.6=pyhd8ed1ab_0
  - comm=0.2.2=pyhd8ed1ab_0
  - cpython=3.8.20=py38hd8ed1ab_2
  - debugpy=1.8.5=py38h2698bfa_0
  - decorator=5.1.1=pyhd8ed1ab_0
  - executing=2.1.0=pyhd8ed1ab_0
  - importlib-metadata=8.5.0=pyha770c72_0
  - ipykernel=6.29.5=pyh4bbf305_0
  - ipython=8.12.2=pyh08f2357_0
  - jedi=0.19.1=pyhd8ed1ab_0
  - jupyter_client=8.6.3=pyhd8ed1ab_0
  - jupyter_core=5.8.1=pyh5737063_0
  - krb5=1.21.3=hdf4eb48_0
  - libffi=3.5.2=h52bdfb6_0
  - liblzma=5.8.1=h2466b09_2
  - liblzma-devel=5.8.1=h2466b09_2
  - libsodium=1.0.18=h8d14728_1
  - libsqlite=3.51.2=hf5d6505_0
  - libzlib=1.3.1=h2466b09_2
  - matplotlib-inline=0.1.7=pyhd8ed1ab_0
  - nest-asyncio=1.6.0=pyhd8ed1ab_0
  - openssl=3.6.0=h725018a_0
  - packaging=25.0=pyh29332c3_1
  - parso=0.8.4=pyhd8ed1ab_0
  - pickleshare=0.7.5=py_1003
  - pip=24.2=py38haa95532_0
  - platformdirs=4.3.6=pyhd8ed1ab_0
  - prompt-toolkit=3.0.48=pyha770c72_0
  - prompt_toolkit=3.0.48=hd8ed1ab_1
  - psutil=6.0.0=py38h4cb3324_0
  - pure_eval=0.2.3=pyhd8ed1ab_0
  - pygments=2.18.0=pyhd8ed1ab_0
  - python=3.8.20=hfaddaf0_2_cpython
  - python-dateutil=2.9.0=pyhd8ed1ab_0
  - python_abi=3.8=8_cp38
  - pywin32=306=py38hd3f51b4_2
  - pyzmq=26.2.0=py38h3c56b06_0
  - setuptools=75.1.0=py38haa95532_0
  - six=1.16.0=pyh6c4a22f_0
  - sqlite=3.51.1=hda9a48d_0
  - stack_data=0.6.2=pyhd8ed1ab_0
  - tk=8.6.13=h2c6b04d_3
  - tornado=6.4.1=py38h4cb3324_0
  - traitlets=5.14.3=pyhd8ed1ab_0
  - typing_extensions=4.12.2=pyha770c72_0
  - ucrt=10.0.22621.0=haa95532_0
  - vc=14.3=h2df5915_10
  - vc14_runtime=14.44.35208=h4927774_10
  - vs2015_runtime=14.44.35208=ha6b5a95_10
  - wcwidth=0.2.13=pyhd8ed1ab_0
  - wheel=0.44.0=py38haa95532_0
  - xz=5.8.1=h208afaa_2
  - xz-tools=5.8.1=h2466b09_2
  - zeromq=4.3.5=he1f189c_4
  - zipp=3.21.0=pyhd8ed1ab_0
  - pip:
      - beautifulsoup4==4.14.3
      - bs4==0.0.2
      - certifi==2026.1.4
      - charset-normalizer==3.4.4
      - contourpy==1.1.1
      - cycler==0.12.1
      - fonttools==4.57.0
      - fuzzywuzzy==0.18.0
      - h5py==3.11.0
      - idna==3.11
      - igraph==0.11.8
      - importlib-resources==6.4.5
      - joblib==1.4.2
      - kiwisolver==1.4.7
      - matplotlib==3.7.5
      - molesq==0.4.0
      - morphops==0.1.13
      - narwhals==1.42.1
      - navis==1.5.0
      - ncollpyde==0.19.0
      - networkx==3.1
      - nibabel==5.2.1
      - numpy==1.24.4
      - pandas==2.0.3
      - pillow==10.4.0
      - pint==0.21.1
      - plotly==6.5.2
      - pynrrd==1.1.3
      - pyparsing==3.1.4
      - pypng==0.20220715.0
      - pytz==2025.2
      - rdata==0.9
      - requests==2.32.4
      - scikit-learn==1.3.2
      - scipy==1.10.1
      - seaborn==0.13.2
      - skeletor==1.4.0
      - soupsieve==2.7
      - texttable==1.7.0
      - threadpoolctl==3.5.0
      - tqdm==4.67.1
      - trimesh==4.11.0
      - tzdata==2025.3
      - urllib3==2.2.3
      - xarray==2023.1.0
prefix: C:\Users\binbi\anaconda3\envs\neuronVis
